37: 32 32 125
38: 
39: 32 32 105 102 32 40 114 101 112 101 97 116 80 97 115 115 119 111 114 100 32 33 61 61 32 117 110 100 101 102 105 110 101 100 32 38 38 32 114 101 112 101 97 116 80 97 115 115 119 111 114 100 32 33 61 61 32 112 97 115 115 119 111 114 100 41 32 123
40: 32 32 32 32 114 101 116 117 114 110 32 78 101 120 116 82 101 115 112 111 110 115 101 46 106 115 111 110 40
41: 32 32 32 32 32 32 123 32 109 101 115 115 97 103 101 58 32 34 84 104 111 115 101 32 112 97 115 115 119 111 114 100 115 32 100 111 110 39 116 32 109 97 116 99 104 46 32 80 108 101 97 115 101 32 116 114 121 32 97 103 97 105 110 46 34 32 125 44
42: 32 32 32 32 32 32 123 32 115 116 97 116 117 115 58 32 52 48 48 32 125
43: 32 32 32 32 41 59
44: 32 32 125
45: 
46: 32 32 99 111 110 115 116 32 110 97 109 101 84 114 105 109 109 101 100 32 61 32 110 97 109 101 46 116 114 105 109 40 41 59
47: 32 32 99 111 110 115 116 32 101 109 97 105 108 84 114 105 109 109 101 100 32 61 32 101 109 97 105 108 46 116 114 105 109 40 41 46 116 111 76 111 119 101 114 67 97 115 101 40 41 59
48: 
49: 32 32 105 102 32 40 110 97 109 101 84 114 105 109 109 101 100 46 108 101 110 103 116 104 32 60 32 50 41 32 123
50: 32 32 32 32 114 101 116 117 114 110 32 78 101 120 116 82 101 115 112 111 110 115 101 46 106 115 111 110 40
51: 32 32 32 32 32 32 123 32 109 101 115 115 97 103 101 58 32 34 80 108 101 97 115 101 32 101 110 116 101 114 32 121 111 117 114 32 110 97 109 101 32 40 97 116 32 108 101 97 115 116 32 50 32 99 104 97 114 97 99 116 101 114 115 41 46 34 32 125 44
52: 32 32 32 32 32 32 123 32 115 116 97 116 117 115 58 32 52 48 48 32 125
53: 32 32 32 32 41 59
54: 32 32 125
55: 32 32 105 102 32 40 33 47 94 91 94 92 115 64 93 43 64 91 94 92 115 64 93 43 92 46 91 94 92 115 64 93 43 36 47 46 116 101 115 116 40 101 109 97 105 108 84 114 105 109 109 101 100 41 41 32 123
56: 32 32 32 32 114 101 116 117 114 110 32 78 101 120 116 82 101 115 112 111 110 115 101 46 106 115 111 110 40
57: 32 32 32 32 32 32 123 32 109 101 115 115 97 103 101 58 32 34 80 108 101 97 115 101 32 101 110 116 101 114 32 97 32 118 97 108 105 100 32 101 109 97 105 108 32 97 100 100 114 101 115 115 46 34 32 125 44
58: 32 32 32 32 32 32 123 32 115 116 97 116 117 115 58 32 52 48 48 32 125
59: 32 32 32 32 41 59
60: 32 32 125
61: 32 32 105 102 32 40 112 97 115 115 119 111 114 100 46 108 101 110 103 116 104 32 60 32 54 41 32 123
62: 32 32 32 32 114 101 116 117 114 110 32 78 101 120 116 82 101 115 112 111 110 115 101 46 106 115 111 110 40
63: 32 32 32 32 32 32 123 32 109 101 115 115 97 103 101 58 32 34 80 108 101 97 115 101 32 99 104 111 111 115 101 32 97 32 112 97 115 115 119 111 114 100 32 116 104 97 116 32 105 115 32 97 116 32 108 101 97 115 116 32 54 32 99 104 97 114 97 99 116 101 114 115 32 108 111 110 103 46 34 32 125 44
64: 32 32 32 32 32 32 123 32 115 116 97 116 117 115 58 32 52 48 48 32 125
65: 32 32 32 32 41 59
66: 32 32 125
67: 
68: 32 32 115 101 101 100 65 100 109 105 110 73 102 77 105 115 115 105 110 103 40 41 59
69: 32 32 108 101 116 32 117 115 101 114 58 32 83 97 102 101 85 115 101 114 59
70: 32 32 116 114 121 32 123
71: 32 32 32 32 117 115 101 114 32 61 32 114 101 103 105 115 116 101 114 85 115 101 114 40 123
72: 32 32 32 32 32 32 110 97 109 101 58 32 110 97 109 101 84 114 105 109 109 101 100 44
73: 32 32 32 32 32 32 101 109 97 105 108 58 32 101 109 97 105 108 84 114 105 109 109 101 100 44
74: 32 32 32 32 32 32 112 97 115 115 119 111 114 100 44
75: 32 32 32 32 125 41 59
76: 32 32 125 32 99 97 116 99 104 32 40 101 114 114 41 32 123
77: 32 32 32 32 114 101 116 117 114 110 32 78 101 120 116 82 101 115 112 111 110 115 101 46 106 115 111 110 40
78: 32 32 32 32 32 32 123 32 109 101 115 115 97 103 101 58 32 101 114 114 32 105 110 115 116 97 110 99 101 111 102 32 69 114 114 111 114 32 63 32 101 114 114 46 109 101 115 115 97 103 101 32 58 32 34 67 111 117 108 100 110 39 116 32 99 114 101 97 116 101 32 116 104 101 32 97 99 99 111 117 110 116 46 34 32 125 44
79: 32 32 32 32 32 32 123 32 115 116 97 116 117 115 58 32 52 48 57 32 125
80: 32 32 32 32 41 59
81: 32 32 125
82: 
83: 32 32 99 111 110 115 116 32 116 111 107 101 110 32 61 32 99 114 101 97 116 101 83 101 115 115 105 111 110 84 111 107 101 110 40 123
84: 32 32 32 32 117 115 101 114 73 100 58 32 117 115 101 114 46 105 100 44
85: 32 32 32 32 114 111 108 101 58 32 117 115 101 114 46 114 111 108 101 44
86: 32 32 32 32 101 109 97 105 108 58 32 117 115 101 114 46 101 109 97 105 108 44
87: 32 32 32 32 110 97 109 101 58 32 117 115 101 114 46 110 97 109 101 44
88: 32 32 32 32 101 120 112 58 32 115 101 115 115 105 111 110 69 120 112 105 114 101 115 65 116 40 41 46 103 101 116 84 105 109 101 40 41 44
89: 32 32 125 41 59
90: 
91: 32 32 99 111 110 115 116 32 114 101 115 112 111 110 115 101 32 61 32 78 101 120 116 82 101 115 112 111 110 115 101 46 106 115 111 110 40
92: 32 32 32 32 123
93: 32 32 32 32 32 32 109 101 115 115 97 103 101 58 32 34 65 99 99 111 117 110 116 32 99 114 101 97 116 101 100 46 32 87 101 108 99 111 109 101 32 116 111 32 67 117 112 97 110 103 32 80 97 110 100 105 33 34 44
94: 32 32 32 32 32 32 114 101 100 105 114 101 99 116 58 32 34 47 117 105 45 117 112 108 111 97 100 34 44
95: 32 32 32 32 32 32 117 115 101 114 44
96: 32 32 32 32 125 44
97: 32 32 32 32 123 32 115 116 97 116 117 115 58 32 50 48 49 32 125
98: 32 32 41 59
99: 32 32 114 101 115 112 111 110 115 101 46 99 111 111 107 105 101 115 46 115 101 116 40
100: 32 32 32 32 83 69 83 83 73 79 78 95 67 79 79 75 73 69 95 78 65 77 69 44
101: 32 32 32 32 116 111 107 101 110 44
102: 32 32 32 32 115 101 115 115 105 111 110 67 111 111 107 105 101 79 112 116 105 111 110 115 40 41
103: 32 32 41 59
104: 32 32 114 101 116 117 114 110 32 114 101 115 112 111 110 115 101 59
105: 125
R1: 105 109 112 111 114 116 32 123 32 78 101 120 116 82 101 115 112 111 110 115 101 32 125 32 102 114 111 109 32 34 110 101 120 116 47 115 101 114 118 101 114 34 59
R2: 105 109 112 111 114 116 32 123
R3: 32 32 114 101 103 105 115 116 101 114 85 115 101 114 44
R4: 32 32 115 101 101 100 65 100 109 105 110 73 102 77 105 115 115 105 110 103 44
R5: 32 32 116 121 112 101 32 83 97 102 101 85 115 101 114 44
R6: 125 32 102 114 111 109 32 34 64 47 108 105 98 47 117 115 101 114 115 34 59
R7: 105 109 112 111 114 116 32 123
R8: 32 32 83 69 83 83 73 79 78 95 67 79 79 75 73 69 95 78 65 77 69 44
R9: 32 32 99 114 101 97 116 101 83 101 115 115 105 111 110 84 111 107 101 110 44
R10: 32 32 115 101 115 115 105 111 110 67 111 111 107 105 101 79 112 116 105 111 110 115 44
R11: 32 32 115 101 115 115 105 111 110 69 120 112 105 114 101 115 65 116 44
R12: 125 32 102 114 111 109 32 34 64 47 108 105 98 47 115 101 115 115 105 111 110 34 59
R13: 
R14: 101 120 112 111 114 116 32 97 115 121 110 99 32 102 117 110 99 116 105 111 110 32 80 79 83 84 40 114 101 113 117 101 115 116 58 32 82 101 113 117 101 115 116 41 32 123
R15: 32 32 108 101 116 32 98 111 100 121 58 32 117 110 107 110 111 119 110 59
R16: 32 32 116 114 121 32 123
R17: 32 32 32 32 98 111 100 121 32 61 32 97 119 97 105 116 32 114 101 113 117 101 115 116 46 106 115 111 110 40 41 59
R18: 32 32 125 32 99 97 116 99 104 32 123
R19: 32 32 32 32 114 101 116 117 114 110 32 78 101 120 116 82 101 115 112 111 110 115 101 46 106 115 111 110 40
R20: 32 32 32 32 32 32 123 32 109 101 115 115 97 103 101 58 32 34 80 108 101 97 115 101 32 115 101 110 100 32 97 32 118 97 108 105 100 32 74 83 79 78 32 98 111 100 121 46 34 32 125 44
R21: 32 32 32 32 32 32 123 32 115 116 97 116 117 115 58 32 52 48 48 32 125
R22: 32 32 32 32 41 59
R23: 32 32 125
R24: 
R25: 32 32 99 111 110 115 116 32 123 32 110 97 109 101 44 32 101 109 97 105 108 44 32 112 97 115 115 119 111 114 100 44 32 34 114 101 112 101 97 116 45 112 97 115 115 119 111 114 100 34 58 32 114 101 112 101 97 116 80 97 115 115 119 111 114 100 32 125 32 61
R26: 32 32 32 32 40 98 111 100 121 32 63 63 32 123 125 41 32 97 115 32 82 101 99 111 114 100 60 115 116 114 105 110 103 44 32 117 110 107 110 111 119 110 62 59
R27: 
R28: 32 32 105 102 32 40
R29: 32 32 32 32 116 121 112 101 111 102 32 110 97 109 101 32 33 61 61 32 34 115 116 114 105 110 103 34 32 124 124
R30: 32 32 32 32 116 121 112 101 111 102 32 101 109 97 105 108 32 33 61 61 32 34 115 116 114 105 110 103 34 32 124 124
R31: 32 32 32 32 116 121 112 101 111 102 32 112 97 115 115 119 111 114 100 32 33 61 61 32 34 115 116 114 105 110 103 34
R32: 32 32 41 32 123
R33: 32 32 32 32 114 101 116 117 114 110 32 78 101 120 116 82 101 115 112 111 110 115 101 46 106 115 111 110 40
R34: 32 32 32 32 32 32 123 32 109 101 115 115 97 103 101 58 32 34 80 108 101 97 115 101 32 102 105 108 108 32 105 110 32 121 111 117 114 32 110 97 109 101 44 32 101 109 97 105 108 44 32 97 110 100 32 112 97 115 115 119 111 114 100 46 34 32 125 44
R35: 32 32 32 32 32 32 123 32 115 116 97 116 117 115 58 32 52 48 48 32 125
R36: 32 32 32 32 41 59
R37: 32 32 125
R38: 
R39: 32 32 105 102 32 40 114 101 112 101 97 116 80 97 115 115 119 111 114 100 32 33 61 61 32 117 110 100 101 102 105 110 101 100 32 38 38 32 114 101 112 101 97 116 80 97 115 115 119 111 114 100 32 33 61 61 32 112 97 115 115 119 111 114 100 41 32 123
R40: 32 32 32 32 114 101 116 117 114 110 32 78 101 120 116 82 101 115 112 111 110 115 101 46 106 115 111 110 40
R41: 32 32 32 32 32 32 123 32 109 101 115 115 97 103 101 58 32 34 84 104 111 115 101 32 112 97 115 115 119 111 114 100 115 32 100 111 110 39 116 32 109 97 116 99 104 46 32 80 108 101 97 115 101 32 116 114 121 32 97 103 97 105 110 46 34 32 125 44
R42: 32 32 32 32 32 32 123 32 115 116 97 116 117 115 58 32 52 48 48 32 125
R43: 32 32 32 32 41 59
R44: 32 32 125
R45: 
R46: 32 32 99 111 110 115 116 32 110 97 109 101 84 114 105 109 109 101 100 32 61 32 110 97 109 101 46 116 114 105 109 40 41 59
R47: 32 32 99 111 110 115 116 32 101 109 97 105 108 84 114 105 109 109 101 100 32 61 32 101 109 97 105 108 46 116 114 105 109 40 41 46 116 111 76 111 119 101 114 67 97 115 101 40 41 59
R48: 
R49: 32 32 105 102 32 40 110 97 109 101 84 114 105 109 109 101 100 46 108 101 110 103 116 104 32 60 32 50 41 32 123
R50: 32 32 32 32 114 101 116 117 114 110 32 78 101 120 116 82 101 115 112 111 110 115 101 46 106 115 111 110 40
R51: 32 32 32 32 32 32 123 32 109 101 115 115 97 103 101 58 32 34 80 108 101 97 115 101 32 101 110 116 101 114 32 121 111 117 114 32 110 97 109 101 32 40 97 116 32 108 101 97 115 116 32 50 32 99 104 97 114 97 99 116 101 114 115 41 46 34 32 125 44
R52: 32 32 32 32 32 32 123 32 115 116 97 116 117 115 58 32 52 48 48 32 125
R53: 32 32 32 32 41 59
R54: 32 32 125
R55: 32 32 105 102 32 40 33 47 94 91 94 92 115 64 93 43 64 91 94 92 115 64 93 43 92 46 91 94 92 115 64 93 43 36 47 46 116 101 115 116 40 101 109 97 105 108 84 114 105 109 109 101 100 41 41 32 123
R56: 32 32 32 32 114 101 116 117 114 110 32 78 101 120 116 82 101 115 112 111 110 115 101 46 106 115 111 110 40
R57: 32 32 32 32 32 32 123 32 109 101 115 115 97 103 101 58 32 34 80 108 101 97 115 101 32 101 110 116 101 114 32 97 32 118 97 108 105 100 32 101 109 97 105 108 32 97 100 100 114 101 115 115 46 34 32 125 44
R58: 32 32 32 32 32 32 123 32 115 116 97 116 117 115 58 32 52 48 48 32 125
R59: 32 32 32 32 41 59
R60: 32 32 125
R61: 32 32 105 102 32 40 112 97 115 115 119 111 114 100 46 108 101 110 103 116 104 32 60 32 54 41 32 123
R62: 32 32 32 32 114 101 116 117 114 110 32 78 101 120 116 82 101 115 112 111 110 115 101 46 106 115 111 110 40
R63: 32 32 32 32 32 32 123 32 109 101 115 115 97 103 101 58 32 34 80 108 101 97 115 101 32 99 104 111 111 115 101 32 97 32 112 97 115 115 119 111 114 100 32 116 104 97 116 32 105 115 32 97 116 32 108 101 97 115 116 32 54 32 99 104 97 114 97 99 116 101 114 115 32 108 111 110 103 46 34 32 125 44
R64: 32 32 32 32 32 32 123 32 115 116 97 116 117 115 58 32 52 48 48 32 125
R65: 32 32 32 32 41 59
R66: 32 32 125
R67: 
R68: 32 32 115 101 101 100 65 100 109 105 110 73 102 77 105 115 115 105 110 103 40 41 59
R69: 32 32 108 101 116 32 117 115 101 114 58 32 83 97 102 101 85 115 101 114 59
R70: 32 32 116 114 121 32 123
R71: 32 32 32 32 117 115 101 114 32 61 32 114 101 103 105 115 116 101 114 85 115 101 114 40 123
R72: 32 32 32 32 32 32 110 97 109 101 58 32 110 97 109 101 84 114 105 109 109 101 100 44
R73: 32 32 32 32 32 32 101 109 97 105 108 58 32 101 109 97 105 108 84 114 105 109 109 101 100 44
R74: 32 32 32 32 32 32 112 97 115 115 119 111 114 100 44
R75: 32 32 32 32 125 41 59
R76: 32 32 125 32 99 97 116 99 104 32 40 101 114 114 41 32 123
R77: 32 32 32 32 114 101 116 117 114 110 32 78 101 120 116 82 101 115 112 111 110 115 101 46 106 115 111 110 40
R78: 32 32 32 32 32 32 123 32 109 101 115 115 97 103 101 58 32 101 114 114 32 105 110 115 116 97 110 99 101 111 102 32 69 114 114 111 114 32 63 32 101 114 114 46 109 101 115 115 97 103 101 32 58 32 34 67 111 117 108 100 110 39 116 32 99 114 101 97 116 101 32 116 104 101 32 97 99 99 111 117 110 116 46 34 32 125 44
R79: 32 32 32 32 32 32 123 32 115 116 97 116 117 115 58 32 52 48 57 32 125
R80: 32 32 32 32 41 59
R81: 32 32 125
R82: 
R83: 32 32 99 111 110 115 116 32 116 111 107 101 110 32 61 32 99 114 101 97 116 101 83 101 115 115 105 111 110 84 111 107 101 110 40 123
R84: 32 32 32 32 117 115 101 114 73 100 58 32 117 115 101 114 46 105 100 44
R85: 32 32 32 32 114 111 108 101 58 32 117 115 101 114 46 114 111 108 101 44
R86: 32 32 32 32 101 109 97 105 108 58 32 117 115 101 114 46 101 109 97 105 108 44
R87: 32 32 32 32 110 97 109 101 58 32 117 115 101 114 46 110 97 109 101 44
R88: 32 32 32 32 101 120 112 58 32 115 101 115 115 105 111 110 69 120 112 105 114 101 115 65 116 40 41 46 103 101 116 84 105 109 101 40 41 44
R89: 32 32 125 41 59
R90: 
R91: 32 32 99 111 110 115 116 32 114 101 115 112 111 110 115 101 32 61 32 78 101 120 116 82 101 115 112 111 110 115 101 46 106 115 111 110 40
R92: 32 32 32 32 123
R93: 32 32 32 32 32 32 109 101 115 115 97 103 101 58 32 34 65 99 99 111 117 110 116 32 99 114 101 97 116 101 100 46 32 87 101 108 99 111 109 101 32 116 111 32 67 117 112 97 110 103 32 80 97 110 100 105 33 34 44
R94: 32 32 32 32 32 32 114 101 100 105 114 101 99 116 58 32 34 47 117 105 45 117 112 108 111 97 100 34 44
R95: 32 32 32 32 32 32 117 115 101 114 44
R96: 32 32 32 32 125 44
R97: 32 32 32 32 123 32 115 116 97 116 117 115 58 32 50 48 49 32 125
R98: 32 32 41 59
R99: 32 32 114 101 115 112 111 110 115 101 46 99 111 111 107 105 101 115 46 115 101 116 40
R100: 32 32 32 32 83 69 83 83 73 79 78 95 67 79 79 75 73 69 95 78 65 77 69 44
R101: 32 32 32 32 116 111 107 101 110 44
R102: 32 32 32 32 115 101 115 115 105 111 110 67 111 111 107 105 101 79 112 116 105 111 110 115 40 41
R103: 32 32 41 59
R104: 32 32 114 101 116 117 114 110 32 114 101 115 112 111 110 115 101 59
R105: 125